lots of ground=2,2:2,2:2,2:2,2:2,2:2,2:2,2:2,2:2,2:2,2:2,2:2,2:2,2:2,2:2,2:2,2:2,2:2,2:2,2:2,2:2,2:2,2:2,2:2,2:2,2:2,2
house=20,1,1,1,1:21,43,65,65,65:21,43,65,1,1-163-0|1|true:21,43,65,1,1-163-0|1|true:21,43,65,65,65:22,1,1,1,1
fire=1-265-up|true
blaster=1-303-down|7|up
1B1=1-199-1B1|white|true|false|false|false
1B2 pipe=1-199-1B2|white|true|false|false|false,1,16,38:1,1,17-81-1|2|down|big,39
casylr=1,1,45,47,47:45,67,23,47,47:45,47,23,46,1:45,69,23,47,47:1,1,45,47,47
flag=102,104,104,104,104,104,104,104,104,104,78
object 9 > 21 * 2=429,429:429,429:429,429:429,429:429,429:429,429:429,429:429,429:429,429:429,429:429,429:429,429:429,429:429,429:429,429:429,429:429,429:429,429:429,429:429,429:429,429
object 10 > 21 * 10=429,429,429,429,429,429,429,429,429,429:429,429,429,429,429,429,429,429,429,429:429,429,429,429,429,429,429,429,429,429:429,429,429,429,429,429,429,429,429,429:429,429,429,429,429,429,429,429,429,429:429,429,429,429,429,429,429,429,429,429:429,429,429,429,429,429,429,429,429,429:429,429,429,429,429,429,429,429,429,429:429,429,429,429,429,429,429,429,429,429:429,429,429,429,429,429,429,429,429,429:429,429,429,429,429,429,429,429,429,429:429,429,429,429,429,429,429,429,429,429:429,429,429,429,429,429,429,429,429,429:429,429,429,429,429,429,429,429,429,429:429,429,429,429,429,429,429,429,429,429:429,429,429,429,429,429,429,429,429,429:429,429,429,429,429,429,429,429,429,429:429,429,429,429,429,429,429,429,429,429:429,429,429,429,429,429,429,429,429,429:429,429,429,429,429,429,429,429,429,429:429,429,429,429,429,429,429,429,429,429
object 11 > 67 * 15=1,1,1,1,1,1,1,1,1,1,77,99,88,2,2:1,1,1,1,1,1,1,1,1,1,1,1,86,2,2:1,1,1,1,1,1,1,1,1,1,1,1,86,2,2:1,1,1,1,1,1,1,1,1,1,1,1,86,2,2:1,1,1,1,1,1,1,1,1,1,1,1,86,2,2:1,1,1,33,55,1,1,1,1,1,1,1,1-7,2,2:1,1,1,34,56,1,1,1,1,1,1,1,1-10,2,2:1,1,1,35,57,1,1,1,1,1,1,1,1,2,2:1,1,1,1,1,1,1,1,1,1,77,99,88-7,2,2:1,1,1,1,1,1,1,1,1,1,1,1,1,2,2:1,1,1,1,1,1,1,1,1,1,1,109,88,2,2:1,1,1,1,1,1,116,1,1,1,1,109,88,2,2:1,1,1,1,1,1,116,1,1,1-70,14,36,36,2,2:1,1,1,1,1,1,116,1,1,1,15,37,37,2,2:1,1,33,55,1,1,116,1,1,1,1,1,1,2,2:1,1,34,56,1,1,1,1,1,1,1,1,1,2,2:1,1,35,57,1,1,1,1,1,1,1,1,1,2,2:1,1,1,33,55,1,1,1,1,1,1,1,1,2,2:1,1,1,34,56,1,1,1,1,1,1,1,1-7,2,2:1,1,1,34,56,1,1,1,1,1,1,1,1,2,2:1,1,1,35,57,1,1,1,1,1,1,1,1,2,2:1,1,1,1,1,1,1,1,1,1,1,1,1,2,2:1,1,1,1,1,1,1,1,1,1,1,1,1-6,2,2:1,1,1,1,1,1,1,1,1,1,1,1,1-9,2,2:1,1,1,1,1,1,1,1,1,1,1,1,1,2,2:1,1,1,1,1,1,1,1,1,1,1,1,86-6,2,2:1,1,1,1,1,1,1,1,1,1,1,1,86,2,2:1,1,1,1,1,1,1,1,1,1,1,109,88,2,2:1,1,1,1,1,1,1,1,1,1,1,1,86,2,2:1,1,1,1,1,1,1,1,1,1,1,1,1,2,2:1,1,1,1,1,1,1,1,1,1,77,99,88,2,2:1,1,1,1,1,1,1,1,1,1,1,1,1-6,2,2:1,1,33,55,1,1,1,1,1,1,1,1,1-9,2,2:1,1,34,56,1,1,1,1,1,1,1,1,1,2,2:1,1,35,57,1,1,1,1,1,1,1,1,1-6,2,2:1,1,1,33,55,1,1,1,1,1,1,1,78,2,2:1,1,1,34,56,1,1,1,1,1,1,78,78,2,2:1,1,1,34,56,1,1,1,1,1,78,78,78,2,2:1,1,1,35,57,1,1,1,1,78,78,78,78,2,2:1,1,1,1,1,1,1,1,78,78,78,78,78,2,2:1,1,1,1,1,1,1,78,78,78,78,78,78,2,2:1,1,1,1,1,1,78,78,78,78,78,78,78,2,2:1,1,1,1,1,78,78,78,78,78,78,78,78,2,2:1,1,1,1,1,78,78,78,78,78,78,78,78,2,2:1,1,1,1,1,1,1,1,1,1,1,1,1,2,2:1,1,1,1,1,1,1,1,1,1,1,1,1,2,2:1,1,1,1,1,1,1,1,1,1,1,109,88,2,2:1,1,1,1,1,1,1,1,1,1,1,1,1,2,2:1,1,1,1,1,1,1,1,1,1,77,99,88,2,2:1,1,1,1,1,1,1,1,1,1,1,1,86,2,2:1,1,1,1,1,1,1,1,1,1,1,1,86,2,2:1,1,1,1,1,1,1,1,1,1,1,1,86,2,2:1,1,102,104,104,104,104,104,104,104,104,104,78-11,2,2:1,1,1,33,55,1,1,1,1,1,1,1,1,2,2:1,1,1,34,56,1,1,1,1,1,1,1,1,2,2:1,1,1,35,57,1,1,1,1,1,1,1,1,2,2:1,1,1,1,1,1,1,1,1,1,45,47,47,2,2:1,1,1,1,1,1,1,1,45,67,23,47,47,2,2:1,1,1,1,1,1,1,1,45,47,23,46,1,2,2:1,1,1,1,1,1,1,1,45,69,23,47,47,2,2:1,1,1,1,1,1,1,1,1,1,45,47,47,2,2:1,1,1,1,1,1,1,1,1,1,1,1,1,2,2:1,1,33,55,1,1,1,1,1,1,1,1,1,2,2:1,1,34,56,1,1,1,1,1,1,1,1,1,2,2:1,1,35,57,1,1,1,1,1,1,1,1,1,2,2:1,1,1,33,55,1,1,1,1,1,1,1,1,2,2:1,1,1,34,56,1,1,1,1,1,1,1,1,2,2
object 12 > 32 * 15=1,1,1,1,1,1,1,1,1,1,1,1,78-83,2,2:1,1,1,1,1,1,1,1,1,1,1,78,78,2,2:1,1,1,1,1,1,1,1,1,1,78,78,78,2,2:1,1,33,55,1,1,1,1,1,78,78,78,78,2,2:1,1,34,56,1,1,1,1,78,78,78,78,78,2,2:1,1,35,57,1,1,1,78,78,78,78,78,78,2,2:1,1,1,1,1,1,78,78,78,78,78,78,78,2,2:1,1,1,1,1,78,78,78,78,78,78,78,78,2,2:1,1,1,1,1,78,78,78,78,78,78,78,78,2,2:1,1,1,1,1,1,1,1,1,1,1,1,6,2,2:1,1,1,1,1,1,1,1,1,1,1,1,1,2,2:1,1,1,33,55,1,1,1,1,1,1,1,1,2,2:1,1,1,34,56,1,1,1,1,7-5-7,1,1,1,2,2:1,1,1,34,56,1,1,1,1,1,1,1,1,2,2:1,1,1,34,56,1,1,1,1,1,1,1,1,2,2:1,1,1,35,57,1,1,1,1,1,1,1,1,2,2:1,1,1,1,1,1,1,1,1,1,1,1,1,2,2:1,1,100,103,103,103,103,103,103,103,103,103,78-11,2,2:1,1,1,1,1,1,1,1,1,1,1,1,1,2,2:1,1,1,1,1,1,1,1,1,1,1,1,1,2,2:1,1,33,55,1,1,1,1,1,1,1,1,1,2,2:1,1,34,56,1,1,1,1,1,1,45,47,47,2,2:1,1,34,56,1,1,1,1,45,67,23,47,47,2,2:1,1,35,57,1,1,1,1,45,47,23,46,68,2,2:1,1,1,1,1,1,1,1,45,69,23,47,47,2,2:1,1,1,1,1,1,1,1,1,1,45,47,47,2,2:1,1,1,1,1,1,1,1,1,1,1,1,5,2,2:1,1,1,1,1,1,1,1,1,1,1,1,5,2,2:1,1,1,1,1,1,1,1,1,1,1,1,6,2,2:1,1,1,1,1,1,1,1,1,1,1,1,1,2,2:1,1,1,1,1,1,1,1,1,1,1,1,1,2,2:1,1,1,1,1,1,1,1,1,1,1,1,1,2,2
object 13 > 25 * 2=71,27:71,27:71,27:71,27:71,27:71,27:71,27:71,27:71,27:71,27:71,27:71,27:71,27:71,27:71,27:71,27:71,27:71,27:71,27:71,27:71,27:71,27:71,27:71,27:71,27
